1,1,1338.4752197265625,417.87896728515625,163.014404296875,358.6129150390625,0.8093401193618774,-1,-1,-1
1,2,584.16162109375,443.37579345703125,91.762939453125,264.686279296875,0.762955367565155,-1,-1,-1
1,3,439.9931335449219,445.8831787109375,112.20437622070312,273.4176025390625,0.6760335564613342,-1,-1,-1
1,4,1455.1343994140625,432.6265869140625,141.4365234375,332.6812744140625,0.6425831913948059,-1,-1,-1
1,5,730.9029541015625,456.72576904296875,35.9652099609375,111.40087890625,0.5624940991401672,-1,-1,-1
1,6,916.8248901367188,431.52587890625,59.6082763671875,154.7847900390625,0.3894088864326477,-1,-1,-1
1,7,475.11065673828125,449.80645751953125,77.727783203125,267.2957763671875,0.26968100666999817,-1,-1,-1
2,1,1341.2821044921875,417.60150146484375,163.1978759765625,359.1614990234375,0.8313323259353638,-1,-1,-1
2,2,584.83154296875,442.9126892089844,91.60498046875,264.1838073730469,0.7655933499336243,-1,-1,-1
2,3,439.7000732421875,445.2857971191406,112.64764404296875,274.2643127441406,0.690133810043335,-1,-1,-1
2,4,1454.848388671875,436.8686218261719,141.153076171875,331.7146301269531,0.6725571751594543,-1,-1,-1
2,5,731.7745971679688,457.2837829589844,35.6192626953125,110.28060913085938,0.5322444438934326,-1,-1,-1
2,6,916.6333618164062,432.17596435546875,59.5621337890625,154.62896728515625,0.39989984035491943,-1,-1,-1
2,7,477.0963134765625,450.8686828613281,77.486328125,266.6537170410156,0.23935161530971527,-1,-1,-1
3,1,1348.0966796875,423.30072021484375,166.6141357421875,365.85296630859375,0.8357627391815186,-1,-1,-1
3,2,585.474365234375,443.0346374511719,91.48748779296875,263.6383972167969,0.7561243176460266,-1,-1,-1
3,3,439.3492431640625,443.7469482421875,113.61322021484375,276.31951904296875,0.6978814005851746,-1,-1,-1
3,4,1466.0673828125,441.5754089355469,139.0968017578125,327.0588073730469,0.732530951499939,-1,-1,-1
3,5,732.3872680664062,460.1965026855469,34.56591796875,106.77285766601562,0.5315166711807251,-1,-1,-1
3,6,916.6957397460938,432.66314697265625,59.34014892578125,153.91119384765625,0.4032946527004242,-1,-1,-1
3,7,478.1297607421875,448.738037109375,78.13421630859375,269.36444091796875,0.13448403775691986,-1,-1,-1
4,1,1352.5670166015625,421.7115478515625,171.3751220703125,375.8043212890625,0.8240056037902832,-1,-1,-1
4,2,585.1385498046875,443.79852294921875,91.7403564453125,264.2503662109375,0.7669824361801147,-1,-1,-1
4,3,441.1668395996094,442.9459533691406,113.96664428710938,276.6849060058594,0.7436275482177734,-1,-1,-1
4,4,1470.9771728515625,434.6048583984375,141.0057373046875,333.24658203125,0.7303076982498169,-1,-1,-1
4,5,732.744384765625,459.13153076171875,35.41302490234375,109.27490234375,0.5187197327613831,-1,-1,-1
4,6,917.1058959960938,432.0360412597656,59.491943359375,154.17257690429688,0.4195658266544342,-1,-1,-1
4,7,478.7909240722656,445.3415832519531,79.09707641601562,272.9323425292969,0.1543135792016983,-1,-1,-1
5,1,1353.14892578125,419.4276123046875,175.587890625,385.06781005859375,0.8483235239982605,-1,-1,-1
5,2,585.4155883789062,444.02435302734375,91.7308349609375,264.04656982421875,0.7658051252365112,-1,-1,-1
5,3,445.4232177734375,443.5827941894531,113.295166015625,274.3545227050781,0.6898609399795532,-1,-1,-1
5,4,1473.1343994140625,429.5186462402344,141.9215087890625,338.4932556152344,0.7403491139411926,-1,-1,-1
5,5,732.9351806640625,459.006103515625,35.415771484375,109.27520751953125,0.5181494951248169,-1,-1,-1
5,6,916.8825073242188,431.2810363769531,59.70196533203125,154.51248168945312,0.4083346128463745,-1,-1,-1
5,7,477.3332214355469,449.40838623046875,77.27047729492188,265.33349609375,0.2017180621623993,-1,-1,-1
6,1,1356.8018798828125,418.6034851074219,176.7969970703125,388.3328552246094,0.8471243381500244,-1,-1,-1
6,2,584.0845336914062,443.50030517578125,92.68695068359375,266.9317626953125,0.7617235779762268,-1,-1,-1
6,3,450.8186950683594,443.7951354980469,113.44668579101562,274.3341369628906,0.6951149106025696,-1,-1,-1
6,4,1478.1669921875,426.49273681640625,141.5125732421875,342.01580810546875,0.7236870527267456,-1,-1,-1
6,5,732.8500366210938,457.5556335449219,35.62811279296875,110.22225952148438,0.5345624685287476,-1,-1,-1
6,6,916.6341552734375,430.5093688964844,60.3560791015625,155.97238159179688,0.4201864004135132,-1,-1,-1
6,7,478.4653015136719,456.1604919433594,76.34530639648438,260.9410705566406,0.11462287604808807,-1,-1,-1
7,1,1361.1820068359375,419.0263977050781,174.1826171875,385.2025451660156,0.8559367656707764,-1,-1,-1
7,2,583.9274291992188,442.99713134765625,92.984375,268.08203125,0.7670681476593018,-1,-1,-1
7,3,450.49432373046875,444.55194091796875,113.87872314453125,274.3203125,0.7308164834976196,-1,-1,-1
7,4,1482.845458984375,430.32159423828125,138.2510986328125,339.32562255859375,0.767927348613739,-1,-1,-1
7,5,732.8311767578125,457.83160400390625,35.42791748046875,109.90576171875,0.5489158034324646,-1,-1,-1
7,6,915.7974853515625,430.609619140625,60.3992919921875,155.86590576171875,0.3742141127586365,-1,-1,-1
8,1,1370.2664794921875,415.2985534667969,172.3753662109375,386.7566833496094,0.8056169152259827,-1,-1,-1
8,2,584.3746337890625,442.9319763183594,92.69622802734375,267.3606262207031,0.782263994216919,-1,-1,-1
8,3,451.404296875,444.0411682128906,114.307861328125,274.5986022949219,0.7467620372772217,-1,-1,-1
8,4,1485.7174072265625,422.7340393066406,139.0267333984375,347.9359436035156,0.7695320844650269,-1,-1,-1
8,5,733.0811767578125,457.142822265625,35.3114013671875,109.68365478515625,0.5421953797340393,-1,-1,-1
8,6,914.9619750976562,428.4762268066406,61.17059326171875,157.93698120117188,0.3850592374801636,-1,-1,-1
9,1,1379.7081298828125,409.61175537109375,171.4398193359375,392.09283447265625,0.7453225255012512,-1,-1,-1
9,2,584.2933349609375,442.6088562011719,92.78759765625,268.1286926269531,0.7792852520942688,-1,-1,-1
9,3,455.2075500488281,444.1037292480469,114.04367065429688,274.3054504394531,0.7433640360832214,-1,-1,-1
9,4,1491.413818359375,422.0111389160156,136.0283203125,347.9425964355469,0.7485401630401611,-1,-1,-1
9,5,732.9093627929688,456.9818115234375,35.70745849609375,110.9906005859375,0.5346364974975586,-1,-1,-1
9,6,914.9183349609375,430.2450256347656,60.83074951171875,157.29855346679688,0.17144030332565308,-1,-1,-1
9,11,698.8040161132812,451.31787109375,36.73944091796875,135.198974609375,0.3397194743156433,-1,-1,-1
10,1,1393.8748779296875,413.5186462402344,163.9041748046875,382.6238098144531,0.7915070056915283,-1,-1,-1
10,2,584.7111206054688,442.77471923828125,92.7418212890625,268.2021484375,0.7822563648223877,-1,-1,-1
10,3,457.22076416015625,443.8656921386719,114.0567626953125,274.3502502441406,0.7179179787635803,-1,-1,-1
10,4,1493.3702392578125,418.0892639160156,137.2496337890625,355.3383483886719,0.6691009402275085,-1,-1,-1
10,5,733.043701171875,457.4626159667969,35.40838623046875,109.77670288085938,0.5201523900032043,-1,-1,-1
10,6,915.556640625,429.9976806640625,60.51593017578125,156.04449462890625,0.1747847944498062,-1,-1,-1
10,11,698.7532348632812,452.3369445800781,37.48211669921875,138.06240844726562,0.31166017055511475,-1,-1,-1
11,1,1404.8116455078125,412.6197814941406,161.8309326171875,385.6874694824219,0.7690714001655579,-1,-1,-1
11,2,585.3466186523438,442.8354187011719,92.26556396484375,267.0373840332031,0.7705285549163818,-1,-1,-1
11,3,455.9114685058594,442.7606506347656,114.74435424804688,275.8285217285156,0.689428448677063,-1,-1,-1
11,4,1508.632568359375,418.8221740722656,132.2347412109375,350.5738830566406,0.7953546643257141,-1,-1,-1
11,5,733.2089233398438,458.5113830566406,35.80938720703125,110.57211303710938,0.5667616724967957,-1,-1,-1
11,6,915.2342529296875,429.44049072265625,60.60272216796875,156.0167236328125,0.20531339943408966,-1,-1,-1
11,11,698.815185546875,452.7092590332031,36.7545166015625,135.26016235351562,0.2504575848579407,-1,-1,-1
12,1,1416.6131591796875,409.1918640136719,159.361572265625,388.2701721191406,0.7273366451263428,-1,-1,-1
12,2,585.4761352539062,442.27081298828125,92.21630859375,266.91961669921875,0.7667078971862793,-1,-1,-1
12,3,453.5663146972656,442.2204284667969,115.42630004882812,276.2562561035156,0.6674082279205322,-1,-1,-1
12,4,1518.92578125,418.8703918457031,130.0341796875,353.0461120605469,0.7732408046722412,-1,-1,-1
12,5,732.3232421875,456.7593688964844,36.698486328125,112.94033813476562,0.6051960587501526,-1,-1,-1
12,6,915.153564453125,429.41473388671875,60.492919921875,155.8636474609375,0.20120932161808014,-1,-1,-1
12,11,698.8836059570312,453.3336181640625,36.4378662109375,133.98907470703125,0.2277534306049347,-1,-1,-1
13,1,1428.46240234375,411.88427734375,156.0758056640625,386.7691650390625,0.7014850378036499,-1,-1,-1
13,2,585.406005859375,442.0182189941406,92.37921142578125,267.2715148925781,0.7538814544677734,-1,-1,-1
13,3,450.42529296875,442.8967590332031,116.27838134765625,276.3121643066406,0.7037658095359802,-1,-1,-1
13,4,1526.9676513671875,420.22503662109375,129.8941650390625,357.58990478515625,0.7514541745185852,-1,-1,-1
13,5,731.091552734375,456.2802734375,38.04864501953125,117.01629638671875,0.5821934938430786,-1,-1,-1
13,6,915.2867431640625,429.3880615234375,60.47869873046875,156.0926513671875,0.2525619566440582,-1,-1,-1
13,11,703.7117919921875,453.2066955566406,34.37872314453125,127.26156616210938,0.12258581072092056,-1,-1,-1
14,1,1440.0863037109375,410.2512512207031,154.3475341796875,387.3222351074219,0.5769316554069519,-1,-1,-1
14,2,584.88037109375,442.1857604980469,92.79656982421875,267.9879455566406,0.7503615021705627,-1,-1,-1
14,3,448.9194641113281,442.0476989746094,118.13870239257812,280.3382263183594,0.6393857598304749,-1,-1,-1
14,4,1536.2618408203125,416.62139892578125,135.148681640625,369.97564697265625,0.6143578290939331,-1,-1,-1
14,5,730.58349609375,456.4714660644531,38.60302734375,118.46304321289062,0.5512501001358032,-1,-1,-1
14,6,915.3510131835938,429.6775817871094,60.239013671875,155.48104858398438,0.18624229729175568,-1,-1,-1
14,11,705.11328125,452.4820251464844,33.654052734375,125.51364135742188,0.10658030211925507,-1,-1,-1
15,1,1441.4781494140625,415.5101013183594,147.7158203125,382.0057067871094,0.4908088147640228,-1,-1,-1
15,2,583.9357299804688,442.4383544921875,93.1697998046875,269.2403564453125,0.7699607610702515,-1,-1,-1
15,3,447.3720397949219,442.8601989746094,118.93893432617188,282.0400695800781,0.6578251123428345,-1,-1,-1
15,4,1549.53466796875,421.87652587890625,139.9681396484375,373.37030029296875,0.5958696007728577,-1,-1,-1
15,5,730.1222534179688,453.3267822265625,40.1800537109375,123.58544921875,0.606816828250885,-1,-1,-1
15,6,915.0272827148438,427.6703186035156,61.1136474609375,158.23727416992188,0.3095412850379944,-1,-1,-1
16,1,1445.8736572265625,422.2146301269531,142.460205078125,377.1531066894531,0.40181607007980347,-1,-1,-1
16,2,583.7936401367188,443.68145751953125,92.5968017578125,267.42791748046875,0.7683395743370056,-1,-1,-1
16,3,445.1731262207031,442.6539306640625,119.21170043945312,283.4556884765625,0.6510847806930542,-1,-1,-1
16,4,1563.714111328125,421.1028137207031,146.5498046875,381.4373474121094,0.6740388870239258,-1,-1,-1
16,5,730.0118408203125,453.8402099609375,39.81121826171875,123.14898681640625,0.49161627888679504,-1,-1,-1
16,6,915.3901977539062,426.1807861328125,61.47149658203125,159.8392333984375,0.23249192535877228,-1,-1,-1
16,23,1383.8837890625,422.7663879394531,53.3304443359375,134.76254272460938,0.3842664957046509,-1,-1,-1
17,1,1452.427490234375,420.9230651855469,143.8753662109375,381.3399353027344,0.3624610900878906,-1,-1,-1
17,2,583.6503295898438,445.3581848144531,92.59442138671875,267.2939758300781,0.7652490735054016,-1,-1,-1
17,3,444.71856689453125,442.65667724609375,119.26910400390625,284.53759765625,0.6589446067810059,-1,-1,-1
17,4,1574.7359619140625,420.9740905761719,151.67333984375,385.2284240722656,0.7723861336708069,-1,-1,-1
17,5,728.9439697265625,454.79193115234375,39.1319580078125,121.49383544921875,0.44898420572280884,-1,-1,-1
17,6,915.4075927734375,429.9277038574219,60.816650390625,158.63760375976562,0.12598182260990143,-1,-1,-1
17,23,1385.4383544921875,426.27020263671875,51.8282470703125,130.78350830078125,0.18865226209163666,-1,-1,-1
18,1,1474.989013671875,420.8146667480469,152.267822265625,388.4089050292969,0.6831534504890442,-1,-1,-1
18,2,583.6605834960938,445.0150146484375,92.94757080078125,268.355224609375,0.7898094654083252,-1,-1,-1
18,3,445.73333740234375,442.916259765625,118.7745361328125,284.65924072265625,0.7160769104957581,-1,-1,-1
18,4,1585.4869384765625,426.2901611328125,153.214111328125,383.2100830078125,0.7102653980255127,-1,-1,-1
18,5,728.0637817382812,456.7640686035156,38.33349609375,119.08193969726562,0.4405369758605957,-1,-1,-1
18,6,916.2816162109375,431.76458740234375,59.96954345703125,157.41009521484375,0.20557375252246857,-1,-1,-1
18,29,1255.236572265625,436.6626281738281,34.73779296875,107.20492553710938,0.3849848508834839,-1,-1,-1
19,1,1469.1400146484375,414.7938537597656,154.0316162109375,390.4293518066406,0.4640212655067444,-1,-1,-1
19,2,584.5626220703125,445.12884521484375,93.38238525390625,269.25604248046875,0.7677192687988281,-1,-1,-1
19,3,447.4228210449219,444.56976318359375,118.17068481445312,284.58135986328125,0.709190309047699,-1,-1,-1
19,4,1587.4498291015625,451.8826599121094,149.76416015625,361.8345031738281,0.6827249526977539,-1,-1,-1
19,5,727.0062255859375,458.731689453125,37.88482666015625,117.17901611328125,0.40656131505966187,-1,-1,-1
19,6,916.5718994140625,431.5054626464844,59.7037353515625,157.95132446289062,0.13837012648582458,-1,-1,-1
19,29,1254.7454833984375,435.9053955078125,35.0247802734375,108.07733154296875,0.40194591879844666,-1,-1,-1
20,1,1467.5191650390625,411.6225280761719,156.39794921875,394.3487243652344,0.3684471845626831,-1,-1,-1
20,2,586.6878662109375,445.77496337890625,93.48529052734375,267.61102294921875,0.7783386707305908,-1,-1,-1
20,3,450.2511291503906,448.59356689453125,116.20718383789062,279.91845703125,0.7096744775772095,-1,-1,-1
20,4,1606.9932861328125,457.31304931640625,148.2353515625,349.499267578125,0.632765531539917,-1,-1,-1
20,5,725.9909057617188,455.32159423828125,38.70904541015625,119.35504150390625,0.4105084240436554,-1,-1,-1
20,6,917.235107421875,431.5058898925781,59.330078125,158.69924926757812,0.10860741138458252,-1,-1,-1
20,29,1254.75341796875,436.3645935058594,34.7373046875,107.13833618164062,0.32748985290527344,-1,-1,-1
21,1,1490.044921875,412.4983825683594,168.4188232421875,403.5602722167969,0.728602945804596,-1,-1,-1
21,2,588.0217895507812,444.5002136230469,94.78533935546875,269.0737609863281,0.790450394153595,-1,-1,-1
21,3,450.969482421875,448.07769775390625,115.62200927734375,279.25689697265625,0.6968648433685303,-1,-1,-1
21,4,1617.808837890625,455.4879150390625,147.164794921875,348.8978271484375,0.6552757620811462,-1,-1,-1
21,5,726.0875854492188,453.4222106933594,39.4720458984375,121.80325317382812,0.3840009272098541,-1,-1,-1
21,6,918.3419189453125,430.7131042480469,58.83984375,159.46939086914062,0.17363741993904114,-1,-1,-1
21,29,1253.9713134765625,439.1760559082031,33.2584228515625,102.24337768554688,0.3350546061992645,-1,-1,-1
22,1,1489.9627685546875,411.9792785644531,174.7908935546875,405.7223205566406,0.529618501663208,-1,-1,-1
22,2,588.5901489257812,444.09503173828125,95.63055419921875,269.10595703125,0.7777273058891296,-1,-1,-1
22,3,452.6557312011719,447.1728210449219,115.76443481445312,280.3534851074219,0.5988063812255859,-1,-1,-1
22,4,1627.11279296875,436.6673278808594,152.98193359375,364.4782409667969,0.7015371322631836,-1,-1,-1
22,5,725.5333862304688,458.50506591796875,38.009033203125,114.777099609375,0.36670875549316406,-1,-1,-1
22,6,918.6212158203125,430.20367431640625,58.30224609375,159.53057861328125,0.12186551839113235,-1,-1,-1
22,29,1256.1864013671875,437.96826171875,35.1451416015625,107.22393798828125,0.36799362301826477,-1,-1,-1
22,7,490.7977294921875,480.1280517578125,72.49273681640625,234.85137939453125,0.28039753437042236,-1,-1,-1
23,1,1482.6676025390625,411.6580505371094,171.2225341796875,395.1100769042969,0.4804978370666504,-1,-1,-1
23,2,588.2465209960938,443.85247802734375,96.56256103515625,269.01190185546875,0.7758517265319824,-1,-1,-1
23,3,458.4961853027344,446.36846923828125,115.50326538085938,281.469970703125,0.6874908208847046,-1,-1,-1
23,4,1623.619384765625,427.1652526855469,153.6683349609375,374.3992004394531,0.626653790473938,-1,-1,-1
23,5,725.5036010742188,463.8480529785156,36.83837890625,107.11318969726562,0.36246153712272644,-1,-1,-1
23,6,918.3912963867188,428.77081298828125,58.28765869140625,160.8231201171875,0.11365329474210739,-1,-1,-1
23,29,1253.92529296875,440.1089782714844,34.076416015625,103.36380004882812,0.3385981619358063,-1,-1,-1
23,7,497.6298828125,465.24658203125,76.51995849609375,245.9447021484375,0.21945762634277344,-1,-1,-1
24,1,1493.3419189453125,408.0942687988281,180.7437744140625,408.3906555175781,0.7029525637626648,-1,-1,-1
24,2,588.4197387695312,443.8270568847656,97.20086669921875,268.5404968261719,0.754838228225708,-1,-1,-1
24,3,463.4377136230469,445.3678283691406,116.17373657226562,284.9580993652344,0.683621883392334,-1,-1,-1
24,4,1630.157958984375,421.28302001953125,151.90966796875,378.24237060546875,0.6253459453582764,-1,-1,-1
24,5,726.3626098632812,461.90020751953125,38.19134521484375,107.91693115234375,0.43082281947135925,-1,-1,-1
24,6,918.76318359375,429.22845458984375,57.58770751953125,160.25103759765625,0.139224573969841,-1,-1,-1
24,29,1255.862548828125,438.21771240234375,35.7081298828125,107.2486572265625,0.2969382703304291,-1,-1,-1
24,7,500.9320068359375,462.43426513671875,78.2099609375,249.4488525390625,0.213996022939682,-1,-1,-1
25,1,1500.0264892578125,406.8511657714844,185.05224609375,411.6367492675781,0.6347805857658386,-1,-1,-1
25,2,588.6550903320312,443.7132263183594,97.93658447265625,268.7071838378906,0.7429623007774353,-1,-1,-1
25,3,464.3234558105469,444.7547912597656,116.97268676757812,288.2349548339844,0.63334059715271,-1,-1,-1
25,4,1641.28076171875,417.2759094238281,151.4456787109375,384.6241149902344,0.6676844954490662,-1,-1,-1
25,5,725.658935546875,462.87066650390625,38.274169921875,104.73321533203125,0.4016464650630951,-1,-1,-1
25,6,918.6423950195312,429.6819152832031,57.0006103515625,159.53707885742188,0.16652941703796387,-1,-1,-1
25,29,1256.212646484375,439.9668884277344,35.9908447265625,106.95120239257812,0.2484123855829239,-1,-1,-1
25,7,499.2181396484375,467.8201599121094,79.21295166015625,250.06546020507812,0.38292837142944336,-1,-1,-1
26,1,1514.758544921875,408.69830322265625,189.976806640625,411.1854248046875,0.5970010757446289,-1,-1,-1
26,2,588.6038208007812,444.07513427734375,98.27484130859375,268.68048095703125,0.7237621545791626,-1,-1,-1
26,3,464.80670166015625,442.03155517578125,118.423828125,293.41302490234375,0.6586104035377502,-1,-1,-1
26,4,1646.9959716796875,419.612548828125,146.919921875,381.898193359375,0.661751389503479,-1,-1,-1
26,5,725.3535766601562,463.30859375,39.22418212890625,104.2384033203125,0.44020143151283264,-1,-1,-1
26,6,919.1904907226562,431.2299499511719,56.09185791015625,158.00009155273438,0.1413429230451584,-1,-1,-1
26,29,1255.924560546875,440.03594970703125,35.790771484375,106.525146484375,0.26061946153640747,-1,-1,-1
26,7,499.06280517578125,465.68206787109375,80.9515380859375,255.5291748046875,0.3485441207885742,-1,-1,-1
27,1,1523.970458984375,410.4538269042969,192.529052734375,411.7303161621094,0.5631758570671082,-1,-1,-1
27,2,588.8208618164062,443.57928466796875,98.7491455078125,269.895263671875,0.7290487289428711,-1,-1,-1
27,3,466.816650390625,443.49395751953125,116.8280029296875,290.43939208984375,0.6225561499595642,-1,-1,-1
27,4,1658.217529296875,414.4521484375,144.440673828125,384.1141357421875,0.6655131578445435,-1,-1,-1
27,5,723.0250244140625,458.62982177734375,41.21588134765625,108.98577880859375,0.35588952898979187,-1,-1,-1
27,6,919.1207275390625,431.4941711425781,55.677978515625,157.85073852539062,0.19780035316944122,-1,-1,-1
27,29,1256.1710205078125,440.3946838378906,35.76513671875,105.42697143554688,0.19523900747299194,-1,-1,-1
27,7,503.4814758300781,461.51873779296875,79.24935913085938,250.63592529296875,0.3788672387599945,-1,-1,-1
28,1,1526.41796875,405.049072265625,195.04248046875,422.91864013671875,0.5829528570175171,-1,-1,-1
28,2,591.1897583007812,443.4119873046875,98.82550048828125,270.615234375,0.7387259006500244,-1,-1,-1
28,3,468.59039306640625,442.006103515625,116.9881591796875,292.61590576171875,0.6029818654060364,-1,-1,-1
28,4,1668.766357421875,411.1973876953125,142.1556396484375,385.15570068359375,0.6566367745399475,-1,-1,-1
28,5,723.8815307617188,460.5514221191406,41.57861328125,107.77877807617188,0.36275896430015564,-1,-1,-1
28,6,919.0790405273438,431.00921630859375,55.4317626953125,158.3819580078125,0.20345434546470642,-1,-1,-1
28,29,1256.5390625,441.2044677734375,35.286865234375,104.3323974609375,0.17590481042861938,-1,-1,-1
28,7,504.5750427246094,453.4928894042969,80.13021850585938,255.10598754882812,0.3060600757598877,-1,-1,-1
28,47,1417.9156494140625,438.5893859863281,65.70556640625,119.75759887695312,0.5526869297027588,-1,-1,-1
29,1,1534.2884521484375,396.68194580078125,195.723876953125,432.67095947265625,0.703635573387146,-1,-1,-1
29,2,592.9356689453125,443.5321960449219,98.63201904296875,270.6227111816406,0.7304754257202148,-1,-1,-1
29,3,471.1102600097656,442.0587463378906,116.12942504882812,292.0428771972656,0.5852968692779541,-1,-1,-1
29,4,1678.4383544921875,418.8450927734375,140.4373779296875,381.506103515625,0.7144381999969482,-1,-1,-1
29,5,724.017822265625,460.3896484375,43.3968505859375,110.7615966796875,0.3502521514892578,-1,-1,-1
29,6,918.8267211914062,432.0456848144531,54.94287109375,157.34097290039062,0.20271988213062286,-1,-1,-1
29,29,1257.2437744140625,442.1834411621094,35.2930908203125,104.52432250976562,0.1620711088180542,-1,-1,-1
29,7,505.6761474609375,450.6561279296875,80.197265625,256.09429931640625,0.35781872272491455,-1,-1,-1
29,47,1420.479248046875,436.51275634765625,66.455810546875,121.60302734375,0.5399502515792847,-1,-1,-1
30,1,1552.9600830078125,391.9305114746094,192.8438720703125,437.3275451660156,0.7467043399810791,-1,-1,-1
30,2,594.3509521484375,443.4828796386719,98.6766357421875,271.2074279785156,0.7479496002197266,-1,-1,-1
30,3,473.34149169921875,442.1717224121094,115.51971435546875,292.0970764160156,0.6443516612052917,-1,-1,-1
30,4,1686.10546875,426.3683776855469,140.75146484375,374.4952697753906,0.6397409439086914,-1,-1,-1
30,5,722.841552734375,458.6875,44.53466796875,113.885498046875,0.36478307843208313,-1,-1,-1
30,6,918.756103515625,432.43212890625,54.6492919921875,156.84759521484375,0.21069587767124176,-1,-1,-1
30,29,1257.4215087890625,441.5205383300781,35.6671142578125,105.58102416992188,0.1370031237602234,-1,-1,-1
30,7,504.9881896972656,449.6970520019531,81.19210815429688,258.6038513183594,0.31266844272613525,-1,-1,-1
30,47,1423.08837890625,433.0673522949219,67.5230712890625,124.63058471679688,0.5942239761352539,-1,-1,-1
